0.0	0.4604591865427801	0.4941758906280685	0.49416189430820007	0.45679831619514505	0.5144395599899513	0.45077916226525583	0.5116879669007787	0.44356881520717956	0.44651931833791153	0.4437929313790554	0.4605064224351251	0.4490510661657581	0.5273862905299321	0.5261487949436544	0.48416211512407953	0.4353933439408954	0.45910715243000244	0.44754980350977774	0.49123546498252546	0.4353462133709617	0.4282829023390397	0.4783518465092298	0.4780963912782888	0.4397204003271904	0.44460262669771594	0.44716538553194374	0.4488341863239937	0.5141293092044482	0.44281993221273325	0.4540719929902518	0.47183699392037654	0.47464703828392335	0.47971000968923067	0.4953455778073479	0.5058320605124688	0.48643158508592876	0.4665582461237126	0.5202372044856536	0.4772501655025657	0.511599145266699	0.4887497146871613	0.5154274505615639	0.44584584248368214	0.46535089745259073	0.4657374814730217	0.43637439369408565	0.449929333887002	0.5191003877375386	0.4393804515511398	0.4354267705344065	0.446413148445486	0.4864151628638296	0.4373032133067047	0.4631781214179732	0.44204331521481216	0.512261345942814	0.5048063107380588	0.4871663571185145	0.44736715785801806	0.4816190049832223	0.5286795700290481	0.44170777320901056	0.5212208873636658	0.5169537429403476	0.49320446457980394	0.5189532602637933	0.5158934178055082	0.4494468661045827	0.5152075483040118	0.5275997646965309	0.45374242154705735	0.47135935714740157	0.5144373787484189	0.5176252575715512	0.5141979811582966	0.5169018462022543	0.4654500428572658	0.4758686641326956	0.49193581162672745	0.49109174870212996	0.5405010532002125	0.5362824380689629	0.5277137732713872	0.517405844025967	
0.4604591865427801	1.3858881024821305e-07	0.36851737033521736	0.3845790998627109	0.32351732147306267	0.41414240654340223	0.31481068417509145	0.41803003139743905	0.2814458145727768	0.29218942833811773	0.27085633203318804	0.3143849453664784	0.2767747604907192	0.4440897404100518	0.4232521665018095	0.3725010962596376	0.26365172553094063	0.3109371428496253	0.2878461187550892	0.36784714754704945	0.2766145950017997	0.2462509586026309	0.3656050633614901	0.3746581524214415	0.28146477417329674	0.30532629623399804	0.28839290597264755	0.30572234134889514	0.4345809442904451	0.2836758244645022	0.29258590078201646	0.3509827562917804	0.3562267440117521	0.35953700587874254	0.3704148338480116	0.4223700340007942	0.3860626943779971	0.35618759192647137	0.4192889769754225	0.3415017849916964	0.4168842870475811	0.38033233031012187	0.4127592666572279	0.2948428455669321	0.33936455028310447	0.3373960630830087	0.2725398448484783	0.2952215779253746	0.41708425634188956	0.31343423224642064	0.2795451227618097	0.3002571346079073	0.3701536919176627	0.26705264204258583	0.31484251332814955	0.27893924938227677	0.42446345754454046	0.4251376998538557	0.3668591114188429	0.2854296733023147	0.3584055366758452	0.42184233692623535	0.27932606738579263	0.42672971045115915	0.4171390098197302	0.3732175034239919	0.418784306038478	0.4228489547738217	0.3063517791839278	0.4229340603839041	0.4392137118476509	0.3220725348194615	0.3531514181976142	0.42353904382416535	0.4188334973164366	0.41742082403645725	0.4187024270538125	0.3230963095626781	0.34014723557346166	0.38842652461151417	0.38533973834379714	0.45726171257300824	0.44725552063500396	0.44483957609093666	0.41260362412058843	
0.4941758906280685	0.36851737033521736	0.0	0.42673517335530353	0.36967884430279896	0.45060417593122715	0.36963938130743873	0.4566101072059391	0.3444403981897675	0.34876517448047306	0.33950474864339597	0.36094258951384955	0.3395837781057829	0.46766481226257256	0.45670618639416705	0.40889074614464443	0.33242589322425653	0.35909311004115513	0.3456164263018828	0.40210977015859056	0.345844457767745	0.32379141547088625	0.411911394760488	0.4161392495369817	0.34863318765355006	0.36378352560545985	0.3508111713143883	0.36093495003398185	0.46207723043821325	0.34969449361809707	0.3555924843328074	0.40048057751941313	0.4080926939821412	0.39880009415282014	0.4145410315734446	0.46043633917949794	0.428876943311964	0.40443767933813884	0.4630579318307396	0.3863928506442119	0.45301746082221606	0.42035692996160295	0.45365116151525436	0.3521106366991322	0.39211210137120095	0.38379962108693494	0.34326258224835704	0.3524289235709385	0.4560221880430139	0.3708738345598227	0.3500760590300445	0.3601843658978207	0.41302581525137283	0.3386807867100613	0.371445575575712	0.3452309508069464	0.46192569886902596	0.4576830237012785	0.41246387816388425	0.34907014573635614	0.4089961846927887	0.45003267585160706	0.341899396201676	0.45470123746115987	0.45424914134100286	0.4108325745192732	0.4514433553906432	0.454880036379342	0.3640169039208559	0.4583972938517996	0.47091294099860626	0.3747377724786336	0.40129511389533257	0.4554081460697075	0.45929852559658046	0.45065798313869265	0.4523430822270151	0.3753857234445293	0.38425769406642674	0.43197281175182967	0.42781860195057425	0.48805739961491107	0.4788456405695579	0.48041586881486936	0.4486674044137654	
0.49416189430820007	0.3845790998627109	0.42673517335530353	7.670842216154187e-08	0.3921026660811744	0.4539445305648096	0.3879240483575122	0.46925673561093345	0.3700590234419587	0.37512153053344066	0.36556317556983525	0.39165647415540233	0.3706829315447507	0.48255186795396593	0.4701859323816468	0.4300309045353886	0.35835361256884857	0.38724897531928704	0.3711288910080278	0.4151788899836338	0.3662415230131732	0.3485476509361255	0.4220364223834558	0.43306622182997173	0.36991015042267894	0.3825351595388499	0.36882838381151006	0.3829199901554041	0.4749784843814165	0.3664850873558601	0.37430456235568577	0.4203785079373181	0.42077591112348284	0.4176854346614988	0.42500860710562083	0.4723653933333878	0.4427434102907782	0.41721972799860685	0.47060385801852755	0.4074706389443047	0.4613701040744865	0.4349489361654865	0.45525122064053364	0.37410174305945754	0.4083013165500394	0.4076239706463301	0.36664712623305945	0.37669522095637525	0.46959731595111465	0.3778279830887766	0.3631120601209489	0.3826303666785269	0.4238251810866359	0.360208324961139	0.391891053812897	0.366949608830604	0.4696562133243754	0.46907503698582564	0.4277260409949908	0.37444620032887754	0.42416435901469857	0.4754521404668867	0.36248501611607786	0.4637603866235195	0.4722614374543178	0.43090796026256006	0.4669111233206545	0.46363970380037894	0.38284397157467676	0.4707183259554438	0.4812956595993006	0.3998144224011592	0.4154460909818936	0.4679022355036305	0.4710841409803069	0.4538325931460199	0.4726196033777589	0.39385044333311015	0.4120094045004256	0.4443758966444282	0.44064634641999395	0.49671893006273854	0.4886186251980243	0.48681056448769877	0.4723343531411762	
0.45679831619514505	0.32351732147306267	0.36967884430279896	0.3921026660811744	1.1397196755393114e-07	0.41748780811853603	0.32062678443799936	0.4220487721826383	0.29410005604294803	0.29862920275692917	0.288349725735215	0.31922412251538584	0.2918015227110253	0.43710648907508504	0.4265380267097254	0.3760913072267837	0.2788175858865482	0.31691677358785453	0.30119861698929556	0.372091434004299	0.28787065920338945	0.2601991553814111	0.3728656321916825	0.3806744697473676	0.29012718698910706	0.30824876110112465	0.2969815876142501	0.3111892279777999	0.4310184377867373	0.29641528125676647	0.3044274317870103	0.3546486175561684	0.35820148429519433	0.36114595698992435	0.37822267903493306	0.42144819861274324	0.3810107395194174	0.3543931216565683	0.42117855433292695	0.34638133671203186	0.4136059755561043	0.38296140343699747	0.4182960489339882	0.29921012933272745	0.34659700823769213	0.3492747641746281	0.2850131902618859	0.3023605580971394	0.4302311032748522	0.31394227958715987	0.28490669946153435	0.3042504101197691	0.38119913658875554	0.27721724356065797	0.3270409544316586	0.2921058478208331	0.41816591596768443	0.42323513474548075	0.36841115049393036	0.30083018486877405	0.37192341576940685	0.42608235467327027	0.28731223744286216	0.42717018144929214	0.4173603592129241	0.37732636484040283	0.42180966104773937	0.4211513988727523	0.31011351763882605	0.4249596311231972	0.44631331281940917	0.32634240905099504	0.35323795529729385	0.41694175418566826	0.4273540211136946	0.4201053830087961	0.41880722249627267	0.3322126823364014	0.3545882250825811	0.39151442579219403	0.37972389747525714	0.4534957704379113	0.44542232381990504	0.44394251788385075	0.42136393945499145	
0.5144395599899513	0.41414240654340223	0.45060417593122715	0.4539445305648096	0.41748780811853603	0.0	0.41584298066192893	0.490950418379943	0.3990200202072702	0.4023348273639537	0.39787885768026354	0.41539988432675085	0.4007568525880284	0.5011123798165605	0.48757676490911517	0.44866314304095195	0.38948208898416325	0.4123573602341695	0.4047099448939674	0.447155971393322	0.3988333382076964	0.381491005866796	0.4529774468521097	0.4567392209908754	0.4021427900118117	0.41237849894759554	0.40159440157435633	0.4125620153671163	0.4925197079724898	0.39830973439778594	0.404596095620631	0.4422964095888709	0.44187872346506046	0.44119219557787176	0.44266264817597173	0.48615867689215064	0.458416763495137	0.4418290745847076	0.48333058762708425	0.42446460929629304	0.4887876854560041	0.46041072268528804	0.47801596738552565	0.401479212505345	0.4312305531517859	0.4295494747716495	0.39456716110638584	0.4053598066251805	0.4893915600663654	0.4115375609538823	0.393988315301966	0.41216423218831094	0.4456017451666182	0.39387030105576254	0.42012520399655023	0.397782232318979	0.4861620595761568	0.49686539936623325	0.44937607344613667	0.40054593809244615	0.44609997080211505	0.4921887857323865	0.39574156046426395	0.4881973630064918	0.4890395982720331	0.4533611115860519	0.47967530222804916	0.48264752993557725	0.41440522689382286	0.4897104322698045	0.5045096896462478	0.422970365161356	0.4385934268785297	0.4862792440392099	0.48863793738633143	0.4820882812357815	0.4836134420247114	0.4227786530416156	0.4341699482744999	0.4677101428823197	0.4626249029737779	0.5121809796488904	0.5165883199073528	0.5034172116228259	0.484190149450875	
0.45077916226525583	0.31481068417509145	0.36963938130743873	0.3879240483575122	0.32062678443799936	0.41584298066192893	1.6792755826688772e-07	0.4147361870230926	0.28320618239248024	0.28797354675925213	0.2704344378919723	0.3147625781184761	0.2758199231925785	0.43725718411716097	0.419933558873819	0.3712965797002887	0.26223120289153296	0.3113001944774384	0.28836386823239046	0.3631344042586798	0.28237920904090014	0.24813046320985668	0.36470536247651	0.3806091653606924	0.28002708881098204	0.30904959379454233	0.29057222666442367	0.3011770091247902	0.42745553357397903	0.2856592625306629	0.29587057086966023	0.3521838663121438	0.3578774914172127	0.35550540441635947	0.3724910156660119	0.41998632270064995	0.38596814855014333	0.34724712597867086	0.4185119445700099	0.3392251376641115	0.4178798716127145	0.3848461733103704	0.4141645439503411	0.2917960076695642	0.3406650330486402	0.34446921001940345	0.2748762215828208	0.29830579896050713	0.4277392722648848	0.3152812604454196	0.28154190038433546	0.30161275760577233	0.3669600133073843	0.27169107319240965	0.3220625187105676	0.28103617184903107	0.42563948489379627	0.4196218708941293	0.36998423464347924	0.2954106372863431	0.3629878912635188	0.42403908292939213	0.2788786920628929	0.4235262361052929	0.4190050787837643	0.3716002894793205	0.4201570991619694	0.41850380825525957	0.30507683055704304	0.42284730837107015	0.43725822759131916	0.3243837800172043	0.3517120614799815	0.41966059546792545	0.423470316667121	0.4129840619277934	0.41847807459833986	0.32497413005877196	0.3508418398866229	0.3911958893758996	0.3879771722304322	0.4534715329507687	0.4442252804818691	0.4444717242634621	0.4164239048939047	
0.5116879669007787	0.41803003139743905	0.4566101072059391	0.46925673561093345	0.4220487721826383	0.490950418379943	0.4147361870230926	6.746787680787903e-08	0.4004638486426417	0.3892318026197723	0.40044627471598204	0.4220039998156473	0.40476958500943827	0.5061014742678217	0.48570993214767716	0.45021187340109065	0.39384549668865865	0.41139448399658884	0.4073688559237009	0.45585771297017597	0.39738599925270746	0.38277166279941693	0.4553141940222968	0.45599056050998027	0.4026242874461212	0.41212955588932587	0.3992260194948024	0.41159720212261247	0.4939096033555548	0.40836397904189736	0.4080734976353674	0.4450798299439091	0.44204582219897154	0.4520784876025875	0.4568231877736367	0.4845593957616694	0.4658546270698002	0.44141758515000484	0.49329495717252436	0.43556207157069593	0.4843166570115199	0.45788860739871945	0.4814808033846687	0.3877893575122614	0.4324271546113224	0.4345708455793999	0.39639972247718736	0.41149267282949487	0.49031933534018834	0.4124093528917562	0.39910724731445424	0.4133253643703324	0.45530287199195213	0.3908375682516288	0.42081031573311506	0.39581562968047745	0.4895543903331362	0.48855781594499553	0.4463140410291327	0.40248847508473656	0.452130814154939	0.49470677231401855	0.39597404290899635	0.4994916799593026	0.48910751464334573	0.4517121469428435	0.4952133817686625	0.4849199320443654	0.4096547323026082	0.4940476221034978	0.503845589787581	0.4240828589135271	0.4441465283919168	0.4859614874982676	0.49307096964718394	0.48955394236664035	0.4879209792448873	0.42276846457209827	0.43737515901738877	0.4644815803753686	0.4717672899249026	0.5183616684432435	0.5106708677802562	0.510694920412672	0.4871063928741976	
0.44356881520717956	0.2814458145727768	0.3444403981897675	0.3700590234419587	0.29410005604294803	0.3990200202072702	0.28320618239248024	0.4004638486426417	2.0458594289043516e-07	0.25203351535002194	0.207082595288817	0.27051983348079883	0.21978465284000037	0.42420903636516344	0.40542274991171884	0.35211820046076264	0.21856829252887885	0.28056895551881406	0.24639698553066988	0.34589245655588696	0.2267732651550854	0.18994658073807272	0.33321818690441424	0.3542963538485815	0.2299599841561199	0.2727308199868392	0.2515409996402006	0.2640926095513248	0.4087396309555833	0.2522696172111188	0.26489230189906954	0.3108488431640478	0.3256175879735631	0.33438563563626317	0.3518270360143087	0.40686932781752155	0.3698044778379721	0.3275476743776158	0.40315396566352896	0.3183437668221425	0.4048111936793367	0.3600192161535224	0.4005789384523198	0.2573715137681875	0.3163244305881328	0.3216415424985471	0.24285170604473977	0.26850885041670014	0.4104058351708293	0.2833598347229704	0.23664641777866793	0.25809999683449786	0.3500039760751832	0.22579121353489195	0.29673675479525313	0.24719056177368656	0.40666386423936607	0.406128902381446	0.354204309297415	0.25867774441650276	0.35028711344502556	0.4065653030910735	0.24740631932745613	0.40579719773619916	0.3981559319271568	0.35432445909841076	0.4079047583829983	0.40123829423763946	0.2749736908136615	0.40834765595225053	0.4288894351939054	0.2943311335197698	0.3224138877085662	0.405246787549537	0.4077154521131043	0.4031316419562677	0.40527428009801997	0.2941132532790107	0.32104839619998254	0.3668817956174819	0.3564771696747141	0.4370177710933144	0.42378000037603225	0.42222378597301974	0.40314278620708016	
0.44651931833791153	0.29218942833811773	0.34876517448047306	0.37512153053344066	0.29862920275692917	0.4023348273639537	0.28797354675925213	0.3892318026197723	0.25203351535002194	1.1638178938488147e-07	0.22940989577714152	0.28629275390145126	0.23778312583241898	0.42895844270064737	0.40998488096571745	0.3575507635104067	0.23337970076741588	0.2906969419955103	0.2652983229272905	0.3504255308671472	0.24461725217101118	0.20848345839663507	0.3457793728000493	0.35774584865468473	0.24606559372731207	0.27758257694398164	0.25928309137810374	0.2695596440133552	0.41199587639135804	0.2614750095611424	0.2754565538210428	0.32434479913375613	0.335097502286831	0.3379228938281892	0.3572813634121716	0.4068616164675289	0.36877601184985387	0.3326133969846425	0.4018621710207912	0.31918811092690713	0.4047533691514328	0.36504681317452	0.4010818271156691	0.2645530520420011	0.318403211616013	0.3213378005742668	0.249378477704614	0.27289822000464803	0.41348600044485645	0.2870500169719854	0.2521447409859731	0.2705976793955987	0.35100659206470913	0.23689925227760655	0.30101709852886344	0.2531456823893133	0.4112482998622253	0.40686524015785047	0.35244663895430184	0.26701159740450153	0.35190578851671805	0.4094742632492581	0.25420689285971415	0.4117795830539787	0.4015814634703374	0.3570914295523394	0.40765531400129673	0.4041940350199103	0.27913636065264325	0.4079801948240301	0.42779113103007493	0.30414392899288056	0.33420513865943374	0.4035068142137286	0.40723663986503666	0.4061423640863229	0.40562056034359845	0.3065440919402122	0.32695691896369866	0.37200431752285706	0.3674505867747033	0.4425985470062821	0.4294466618245794	0.4299514932580478	0.39796110595906614	
0.4437929313790554	0.27085633203318804	0.33950474864339597	0.36556317556983525	0.288349725735215	0.39787885768026354	0.2704344378919723	0.40044627471598204	0.207082595288817	0.22940989577714152	3.486680673598525e-07	0.25318193849419873	0.16493725522796737	0.41884790058845733	0.4032049675480991	0.34856924195314887	0.19000165824831444	0.27351516681800325	0.23183007623885227	0.34356303801199106	0.2050848680042939	0.15522174316174317	0.3230178117284731	0.35148163008922495	0.19665338222972675	0.2630792157373163	0.24024561806203637	0.2462797387443017	0.4077097420599412	0.2428833405220754	0.25722648715469276	0.29789917635501456	0.32223821281188963	0.3251140885054096	0.3454416450960111	0.4044276330949816	0.3655037922454524	0.3272475933600109	0.40227439585888086	0.31356628942294185	0.4013433621705822	0.35734857527352626	0.3984297121933552	0.2490884367577556	0.31450648741935566	0.315650240929747	0.23144927279665023	0.26323978721805164	0.4049915576720606	0.2794158820350997	0.22696073347987492	0.24233301803953147	0.34646956948559293	0.21530605164045938	0.2896737059744103	0.23869573541795797	0.406926028661138	0.4028584097728215	0.34726296952080543	0.25177719624124517	0.3444409579721718	0.4046862855534757	0.23711975471233535	0.40463418947560037	0.39883877301971815	0.34979321123853047	0.4032794705326782	0.40421567890574234	0.26709294440062825	0.40425804835031015	0.42200993399515796	0.29010752992343797	0.3194792007210064	0.4031158115764142	0.40388921160320285	0.40140860832435465	0.4014675400102726	0.2907810119200141	0.31364942511516014	0.3634198223344174	0.3522063631005672	0.43056307197450744	0.42094982577944673	0.42150902783875555	0.40128357393427594	
0.4605064224351251	0.3143849453664784	0.36094258951384955	0.39165647415540233	0.31922412251538584	0.41539988432675085	0.3147625781184761	0.4220039998156473	0.27051983348079883	0.28629275390145126	0.25318193849419873	2.0295140850359552e-07	0.262079540117109	0.43904955178118943	0.4222776023847304	0.36919625582346266	0.26026594135451003	0.3082507263369893	0.2825214613609552	0.3685291774588054	0.27265489562210243	0.2413265700973303	0.35937538223291615	0.37728209141747443	0.27300252054335045	0.3015785515340008	0.28572925311200553	0.2980201355782902	0.42587460571089014	0.2875943870159728	0.2994173347119273	0.3409057690559181	0.34978628641272796	0.35746000596087646	0.3731520375882457	0.42337286274227104	0.38872391539325835	0.3541647713656074	0.42502303420194953	0.3370262056631649	0.41853425715472875	0.38286220007879423	0.4162869237288872	0.29267850567145004	0.3415344111851337	0.3400054148451241	0.28003516711150267	0.2955609130554997	0.4264771290013219	0.31378846363931123	0.27618172746472436	0.2934934298272223	0.3719056168158432	0.26862896947956155	0.32125783024048277	0.2835811814746529	0.4194947194969327	0.42326089306661896	0.3733923839611553	0.2925049384865391	0.3674451343232101	0.4222873316642485	0.2830614897695752	0.4270054358327702	0.42151434736440163	0.37876273093046264	0.42156125924776466	0.4221692411088576	0.3053542900345965	0.4236310659971706	0.43768128264647577	0.3233848328926266	0.34880698693056883	0.4222580784201086	0.4251628670950467	0.4227764008041594	0.4191880819940661	0.32281258311672795	0.34318812750660666	0.3873504865509589	0.3810281742327554	0.4499639645058643	0.4405358577952978	0.4333946323941839	0.4212191125182966	
0.4490510661657581	0.2767747604907192	0.3395837781057829	0.3706829315447507	0.2918015227110253	0.4007568525880284	0.2758199231925785	0.40476958500943827	0.21978465284000037	0.23778312583241898	0.16493725522796737	0.262079540117109	1.8789649326977864e-07	0.42236398458951724	0.4051818247522521	0.34852550569163604	0.2013630287247509	0.2755123562276143	0.23956378941541323	0.34925438373856643	0.21601890253879097	0.16854681330945456	0.327520034641583	0.3553589819811057	0.20520254166336502	0.26919886454727593	0.24696205634245175	0.25612725384828494	0.40849923439267155	0.24795925703690436	0.2598900424177636	0.3033974436403425	0.32578829129076275	0.326957592497642	0.3521750710226984	0.40683675419494364	0.37046518148499075	0.3313293149785132	0.4059468111602623	0.31631459684240243	0.4038044344300584	0.3608012538206211	0.4023518040658649	0.2529719340991805	0.3182784617365632	0.3189156335844073	0.2395812510325163	0.2673798829345066	0.4094932592902836	0.28341873785082583	0.23697907366282453	0.25300922571283446	0.35206712714756866	0.22354125856489607	0.29226170175982497	0.24527756535267173	0.4086069815913771	0.4068419418490878	0.350422510359197	0.2568594228860062	0.3448025351346953	0.40452712032745464	0.24222215221768265	0.408155882359495	0.40253882114718853	0.3498284483182355	0.4067210919639132	0.4048489016911797	0.27195952876240165	0.4070371652249038	0.4266374215717921	0.2943039249007657	0.3223880640047726	0.407173345763917	0.4089606353885324	0.4056788403397167	0.4051525300198139	0.2937313502118551	0.3185649033483147	0.36758884011053133	0.35750887080667565	0.43329266055403837	0.4271260969700347	0.42495542193027996	0.40407644045621877	
0.5273862905299321	0.4440897404100518	0.46766481226257256	0.48255186795396593	0.43710648907508504	0.5011123798165605	0.43725718411716097	0.5061014742678217	0.42420903636516344	0.42895844270064737	0.41884790058845733	0.43904955178118943	0.42236398458951724	0.0	0.496798458159719	0.4633262670281679	0.41496319237811957	0.43554590733330956	0.42735006791951224	0.4686415051692223	0.4212071785949562	0.40483257752630863	0.4660076579415532	0.4723238752397821	0.4213573332090567	0.4210551502285805	0.4258585179607832	0.42531062546366316	0.5033337668491649	0.4209771561963232	0.43190103741799657	0.4546753186304788	0.45813717340573035	0.43737494284551615	0.4729622482341457	0.5016609947428257	0.4790230803566264	0.46278636531186074	0.49943489445442274	0.45420837464759384	0.49645822585704713	0.4800967469482648	0.49497118120339123	0.42811930135460885	0.4555789659626608	0.44132487230393697	0.4191392217184295	0.4268139847348973	0.5108128948122289	0.4341636593237634	0.4215004669681166	0.4339001567698575	0.462991566605954	0.41625858321674375	0.44043036181193296	0.4229466010802961	0.49813183593873167	0.5006730612910467	0.4727917089714165	0.42325908701153636	0.46584139407577585	0.5083521569863187	0.4207864038140048	0.5059896697081793	0.5055551087544736	0.47210443723890166	0.5007653533517097	0.5015119261893947	0.4322600844354382	0.5026025999479954	0.5177757429027765	0.4363107748013616	0.4590921392527131	0.5024654114362734	0.5044346391654752	0.4971650590122945	0.5007236219838618	0.43576255077274295	0.45416986048768837	0.47952428578922046	0.4726042366069074	0.48783937262133886	0.5098798600978701	0.5114213883642382	0.49724686981284244	
0.5261487949436544	0.4232521665018095	0.45670618639416705	0.4701859323816468	0.4265380267097254	0.48757676490911517	0.419933558873819	0.48570993214767716	0.40542274991171884	0.40998488096571745	0.4032049675480991	0.4222776023847304	0.4051818247522521	0.496798458159719	0.0	0.46176643719129307	0.39789844675297475	0.41290557915022275	0.411478095495342	0.45149019371035043	0.40320281290577287	0.38787412683414946	0.45644099436231467	0.46348739004535183	0.4051724031968946	0.4224897203177169	0.41054064473838786	0.42067892461511197	0.49547050015306277	0.40671134522217506	0.4070585361272344	0.4485159971163769	0.45311739846657	0.44228759249455785	0.4512653326830022	0.49732666540350295	0.4698222774927835	0.446035364738268	0.49293759972584716	0.43775419099844465	0.4868701845021089	0.4668233806730446	0.49101418546859954	0.4118270987474019	0.4438001125756654	0.4398174222152424	0.4026696087675666	0.40993804898342745	0.48925890664155336	0.4230815728159212	0.40353987478275355	0.41768334997632106	0.4591080857060305	0.39995122732194716	0.4276840949490512	0.401089925895371	0.4942864820621347	0.4864512555659962	0.46297957894485664	0.40952573303296713	0.45604834015756707	0.49409937049338926	0.40046744307839005	0.4899128137691451	0.4911484442201579	0.4587740096543976	0.49193044604865743	0.48981096197303226	0.41927852329711096	0.49110739345505283	0.5067614082229605	0.4317208816783493	0.44757520254247596	0.49388791342144023	0.49114257554400803	0.4822122774152753	0.4957440833310207	0.4237922532583084	0.4375423546707773	0.47059560127178995	0.4687827837933443	0.5159191597118558	0.5099332295557488	0.5053375236430664	0.48937581825699394	
0.48416211512407953	0.3725010962596376	0.40889074614464443	0.4300309045353886	0.3760913072267837	0.44866314304095195	0.3712965797002887	0.45021187340109065	0.35211820046076264	0.3575507635104067	0.34856924195314887	0.36919625582346266	0.34852550569163604	0.4633262670281679	0.46176643719129307	9.185692672385241e-08	0.3425100257890178	0.3715307710205477	0.35343426667741124	0.40814094524917344	0.3493843669588404	0.3286266400547181	0.4167299071772418	0.4227936817140555	0.3511710067371341	0.36856181861879	0.3549412154085357	0.36737782184109724	0.462849662860978	0.3513635873688149	0.3546008018814234	0.4001918466500886	0.39923596032778497	0.4012813253013598	0.41920088916993437	0.45002173585248145	0.4279567023302647	0.404854720624882	0.45938218566134664	0.3886500808965187	0.448507263316246	0.425272213058382	0.4519070987053165	0.35616928611627424	0.3949263173252113	0.39237030903969816	0.3494971654138869	0.35645041627471136	0.45977724832318234	0.37197174609864897	0.35050378145738775	0.366968013526205	0.4192816521375952	0.34165052981367905	0.38163596048024173	0.34685080434818044	0.46296289067077034	0.4620511484747946	0.41804744037016905	0.354439474043566	0.4094875662783575	0.4555605872645478	0.3512168212359206	0.46241591045616226	0.4536798093683271	0.4113496901746186	0.4582659673166848	0.4538530155151829	0.3698854098927304	0.4582533843470788	0.4723455703990901	0.38159007228360553	0.40043177177435174	0.46004976677354054	0.4607202669105455	0.45855057114245573	0.45441416451599015	0.3771441647757583	0.3986873897408975	0.431896183773037	0.42971024056263174	0.4783376280215244	0.48490178395301115	0.4791688893674352	0.4508733997092942	
0.4353933439408954	0.26365172553094063	0.33242589322425653	0.35835361256884857	0.2788175858865482	0.38948208898416325	0.26223120289153296	0.39384549668865865	0.21856829252887885	0.23337970076741588	0.19000165824831444	0.26026594135451003	0.2013630287247509	0.41496319237811957	0.39789844675297475	0.3425100257890178	2.7375181124916425e-07	0.267896656975575	0.2324853806341597	0.33435065045230183	0.21547913853909623	0.16700893263416675	0.32831582122447445	0.3461431531704037	0.21231966595315652	0.2568534243521721	0.23421953198003645	0.24515060549193665	0.40162537964838624	0.2327098200136949	0.24608938077838335	0.3064111640822457	0.3215830790457195	0.3181901685501126	0.337179145297142	0.39693669460420494	0.3573557404082694	0.32047690326916883	0.3940463507037749	0.30261125643764875	0.3923229150164025	0.34810129120770245	0.3907091995735502	0.24034540687067518	0.3049925971425234	0.3034318544264694	0.219900027696726	0.24922498701274742	0.39791255656530633	0.266767683357401	0.22404883095945508	0.24636798687408568	0.338600864958873	0.20782287475250313	0.2808696164502952	0.22893958024040792	0.3997939845730633	0.3985480901170928	0.33670621467451856	0.23666613320620747	0.3334482813243922	0.39524319723336226	0.22728037810936802	0.3987383183382082	0.3923653678692664	0.3412333218311544	0.3933273195489239	0.3941909940560074	0.2592826199403475	0.39873786972677405	0.41232109588351384	0.2821652893548281	0.31769052432702505	0.3954910491759135	0.3983985037112007	0.39217865983621336	0.39365405323438424	0.2779759905192688	0.303516770391613	0.35974216831632594	0.3536965601746846	0.4322590872820062	0.41911391527292174	0.41841929614650547	0.39158695362660784	
0.45910715243000244	0.3109371428496253	0.35909311004115513	0.38724897531928704	0.31691677358785453	0.4123573602341695	0.3113001944774384	0.41139448399658884	0.28056895551881406	0.2906969419955103	0.27351516681800325	0.3082507263369893	0.2755123562276143	0.43554590733330956	0.41290557915022275	0.3715307710205477	0.267896656975575	1.5123026915031998e-07	0.2835884118774281	0.3646017508225608	0.27670735764829474	0.24506078630688705	0.36370541822711705	0.37394439942334695	0.2783125737904642	0.30542203405895424	0.2858473694534475	0.30222256008841997	0.4275989137356744	0.2869389280420063	0.293999640849519	0.34774630000149126	0.35422971005668386	0.35570483655564544	0.3671775387337129	0.41650163209990193	0.38656972831796865	0.3566702101514423	0.42140342861184693	0.33634002257004897	0.4138926630956033	0.3782616346188664	0.41046666884524763	0.2894024832734207	0.3445280399327834	0.33597168258523874	0.2772294296876691	0.29711763515155615	0.4236596607757298	0.31374593084306374	0.2786930903023681	0.2974451578926265	0.36273718258314214	0.2692645008237785	0.3172098315237268	0.2818739557428259	0.4254021676306624	0.42086781383561667	0.3685507452587201	0.2914972014443705	0.35669036252995306	0.42109952716989535	0.28090563665008544	0.4233351119217576	0.4155540426981246	0.3663758554627479	0.41687635619418684	0.4176399918146228	0.30592345396679976	0.4183787297683263	0.4352018929655652	0.3259851739537553	0.34633395718951565	0.42163623378923876	0.42152865211392027	0.4144523046330334	0.4152234840268595	0.32073099292548607	0.34412143224708885	0.38486400286642886	0.38369373127727124	0.4516111598710237	0.44588698884774813	0.4384803507988904	0.41480519796610954	
0.44754980350977774	0.2878461187550892	0.3456164263018828	0.3711288910080278	0.30119861698929556	0.4047099448939674	0.28836386823239046	0.4073688559237009	0.24639698553066988	0.2652983229272905	0.23183007623885227	0.2825214613609552	0.23956378941541323	0.42735006791951224	0.411478095495342	0.35343426667741124	0.2324853806341597	0.2835884118774281	1.4485584270375655e-07	0.35381371866337136	0.2471621442399898	0.206923179864907	0.34493252714894945	0.3664312175358216	0.246787213087639	0.2822886057408139	0.2616964192490288	0.2792388845260103	0.41622723234822656	0.2589127850698117	0.27130869887355835	0.32913430450966036	0.3414400851956226	0.33994474814182213	0.3532908456700166	0.4150646102344098	0.37719272637812307	0.34171826728771254	0.4090448381179068	0.3234697454083821	0.4067772018628923	0.3668107849972922	0.40177095773530835	0.26448292684144226	0.3234686663495223	0.3210313981931111	0.25247155946234057	0.2746158276548215	0.4119553003493417	0.29587275839475	0.25475481493133817	0.2763445685569349	0.3566841126561049	0.23920238874684252	0.30045447607285536	0.2556635698951667	0.4142893383715315	0.4096694635165658	0.3555698220894498	0.27048738835740144	0.3471230292212947	0.411436039644194	0.2532619919300025	0.4115184836541401	0.40603096245706716	0.3585717500589329	0.40551137457533953	0.40739943509003934	0.2847046627372351	0.4155880181450533	0.42659196836628677	0.3081160105334261	0.3350339735407911	0.4107734132271533	0.4094085106453338	0.406647596415207	0.40616396775644437	0.306141722670289	0.32816036392292314	0.3788970775583942	0.37108412848864253	0.4464236788478584	0.430371131361701	0.43377842613949774	0.40699200265921065	
0.49123546498252546	0.36784714754704945	0.40210977015859056	0.4151788899836338	0.372091434004299	0.447155971393322	0.3631344042586798	0.45585771297017597	0.34589245655588696	0.3504255308671472	0.34356303801199106	0.3685291774588054	0.34925438373856643	0.4686415051692223	0.45149019371035043	0.40814094524917344	0.33435065045230183	0.3646017508225608	0.35381371866337136	8.688795409866124e-08	0.3455901589990984	0.32564046856806284	0.41256110815104113	0.4187929056164801	0.348262757974518	0.359941155717428	0.35007156850009097	0.35978723282603087	0.4555331693679268	0.3496543781465884	0.3510879387896656	0.3969584017518558	0.3998726355239702	0.3981424182052335	0.41163083609116163	0.4511157135353967	0.4240333260443775	0.39945087881731806	0.45069216305769616	0.3842575528510577	0.44437056778185785	0.4184640429949447	0.4488876585367821	0.35197957402161023	0.38475852516702197	0.3921664872259722	0.343568527593674	0.352232993512399	0.4558733258878572	0.36633761025557726	0.3445736349550901	0.35901793134510146	0.4079834422946655	0.33580966529170836	0.37675254421375226	0.34289038973924096	0.45362972678911156	0.4535140027169445	0.41126818164376644	0.35223425303936745	0.3996521680499879	0.4583561014705045	0.3402065409975963	0.45663474502730417	0.4528590359681617	0.411114158081206	0.4499175410333897	0.44803785198700236	0.3636034303499034	0.4546448424691065	0.4698596191547444	0.37221492511397875	0.3908323468677358	0.45093129665619197	0.4528480268964828	0.4452058532445009	0.4487392801936408	0.3714480908226031	0.39102178643574054	0.42792321599531663	0.4230649193685747	0.4806525509059097	0.4727389352265944	0.472714405762189	0.44577824115058945	
0.4353462133709617	0.2766145950017997	0.345844457767745	0.3662415230131732	0.28787065920338945	0.3988333382076964	0.28237920904090014	0.39738599925270746	0.2267732651550854	0.24461725217101118	0.2050848680042939	0.27265489562210243	0.21601890253879097	0.4212071785949562	0.40320281290577287	0.3493843669588404	0.21547913853909623	0.27670735764829474	0.2471621442399898	0.3455901589990984	1.639127731323242e-07	0.17059428261307868	0.3161905358191411	0.3366165692383662	0.20281728557013412	0.2490095490866688	0.24738955531970436	0.24745114377774918	0.39861286937781104	0.24851331619362704	0.26559573799783204	0.2841581513717054	0.30008483967981286	0.32649956225426224	0.3493104321986557	0.39013100693133523	0.3503569515689853	0.307896530964347	0.40296372659725627	0.31472886827268015	0.3963085353776341	0.34463341795379476	0.39598024200205106	0.24937383085551723	0.309192258781189	0.31463963003001	0.22799072817596383	0.26425178423811035	0.4070850988228709	0.2627974636220848	0.21058333417638309	0.23660576052465745	0.34080371439301643	0.21673782281371493	0.2930537864543437	0.2385961859971501	0.3924293037471563	0.3907975836836923	0.34207374678879293	0.2549102739845887	0.3432108096678786	0.40836893378145356	0.24327163341241434	0.40481122452976526	0.40084572355488085	0.35251412725029346	0.40688370489394476	0.4013025304811336	0.2503759485485691	0.39253888366916484	0.4187642405098448	0.2712904848180681	0.30912735204059355	0.39976190446701343	0.4021221889425126	0.39396848474237767	0.39540381863635676	0.29293357151468896	0.3198286798462734	0.34674787113698424	0.33214263733902016	0.4201514111473169	0.40644510770936404	0.4082321211084444	0.3994469302728563	
0.4282829023390397	0.2462509586026309	0.32379141547088625	0.3485476509361255	0.2601991553814111	0.381491005866796	0.24813046320985668	0.38277166279941693	0.18994658073807272	0.20848345839663507	0.15522174316174317	0.2413265700973303	0.16854681330945456	0.40483257752630863	0.38787412683414946	0.3286266400547181	0.16700893263416675	0.24506078630688705	0.206923179864907	0.32564046856806284	0.17059428261307868	2.4394252216435816e-07	0.30417690903410005	0.32724218531289834	0.17046328224643928	0.2270088749671092	0.21121134189251645	0.22176931690792467	0.3887821852458268	0.2127508718095042	0.2269634566422623	0.2813160552678429	0.29940685326471284	0.30407230112394673	0.3304196901365907	0.38292818202309203	0.3435379887407471	0.2992036555994119	0.3844425264303198	0.28854548295705335	0.38283750276923806	0.3348945963800186	0.38084562357858337	0.21264524690127756	0.28636494524726686	0.29131403180107973	0.19291462652256888	0.23163719648349257	0.39092168794991056	0.24298563616986035	0.18819101504192023	0.21709086418829557	0.3242550222672209	0.17277959142845173	0.2649377101439126	0.20177244667652355	0.38473963904900327	0.3849255154121352	0.32549931607194615	0.2213499777559265	0.32296186322924536	0.3901579178112175	0.2062147656151031	0.3884962180394631	0.3844015186401596	0.33079761295325383	0.3882656312136753	0.38613946493595447	0.23255158853200694	0.38622477813294076	0.4079376822234443	0.2609172746898003	0.2944618578433572	0.3856554654374086	0.3874211957798675	0.38210502220076303	0.38378961827552627	0.2662931197488511	0.2958624144274978	0.34277576329131854	0.33320879414330606	0.4173085019345535	0.40883771147444586	0.4062299211318828	0.38360248901906535	
0.4783518465092298	0.3656050633614901	0.411911394760488	0.4220364223834558	0.3728656321916825	0.4529774468521097	0.36470536247651	0.4553141940222968	0.33321818690441424	0.3457793728000493	0.3230178117284731	0.35937538223291615	0.327520034641583	0.4660076579415532	0.45644099436231467	0.4167299071772418	0.32831582122447445	0.36370541822711705	0.34493252714894945	0.41256110815104113	0.3161905358191411	0.30417690903410005	0.0	0.4044017807613559	0.32262148067808866	0.3421307515680751	0.34635255034045037	0.34739704464471416	0.45171022619978707	0.34611129615242503	0.3552507811008982	0.37634481483079535	0.3835859218562199	0.4003485724421254	0.41668821130676065	0.4452447736596081	0.4144441378228224	0.3834921908926774	0.4479497680757699	0.39004272533629464	0.449696224666424	0.40950801773232287	0.44447213419896614	0.3464445552832289	0.38378822005985863	0.38791125681571753	0.3351389894498525	0.3574448247163961	0.4578073239099863	0.35021595245649667	0.3223479448069329	0.3379631578858008	0.4085726174668053	0.3264985329921349	0.37427127861794657	0.3431669492175798	0.44406789392760404	0.4451908180601039	0.41281431331451934	0.34968346389976646	0.4072682035429086	0.45847269072049585	0.3460011100255026	0.45548114359039005	0.45454028892119946	0.4153482097164523	0.4571828684536165	0.45685132913006904	0.34264052188321326	0.4432440239771372	0.4682688095097169	0.36012305190278776	0.38671061135402685	0.4459527307300936	0.4577189934634907	0.4462508013708923	0.44170789755402334	0.3773455905314967	0.3907941777891487	0.41636038365109446	0.40755301790772974	0.47166716456321317	0.4636138813343527	0.4630106661702578	0.4518047808414296	
0.4780963912782888	0.3746581524214415	0.4161392495369817	0.43306622182997173	0.3806744697473676	0.4567392209908754	0.3806091653606924	0.45599056050998027	0.3542963538485815	0.35774584865468473	0.35148163008922495	0.37728209141747443	0.3553589819811057	0.4723238752397821	0.46348739004535183	0.4227936817140555	0.3461431531704037	0.37394439942334695	0.3664312175358216	0.4187929056164801	0.3366165692383662	0.32724218531289834	0.4044017807613559	8.560065398421926e-08	0.34261326817803817	0.35266651677563304	0.3587147832441111	0.36022182984689405	0.4533994618605453	0.3583890914742664	0.3701756143737421	0.3789567850365275	0.3857249089796326	0.4068738187791751	0.422058899945494	0.44587915587035654	0.4200932943723942	0.38573011671543417	0.46483129647800464	0.3923803932140411	0.44855704900186355	0.4211193731964635	0.45477679490975	0.3603092232086788	0.39678867552726077	0.3977476565265784	0.343412619607033	0.3591344722048126	0.46209980401100575	0.3568272795734571	0.3390427518847418	0.3477885621553303	0.41455352270873946	0.3418096589381301	0.3857199900802103	0.3529954251251903	0.4438375639507	0.4505409598845379	0.4160154120590177	0.3604001374544904	0.4178464396396914	0.4716549180579742	0.35355798246785275	0.4590291546653516	0.45792705693994334	0.42790809862850976	0.45890052123824693	0.4529178912566162	0.35464192650418364	0.4495144810840468	0.47028890539665325	0.35769218847001294	0.39362715098404055	0.45403338547251354	0.46335247518564077	0.456330899630333	0.449259396266577	0.3826780475559807	0.3965652897017895	0.4135380768894902	0.4085582396879912	0.47099742927366123	0.4600518583554282	0.4574179164417747	0.4540132701089525	
